42 35 20 29 13 6 32 12 46 28 42 3 43 22 19 48 22 20 18 36 4 23 24 42 4 48 13 38 24 30 17 41 39 41 15 47 41 21 7 44 30 35 7 17 32 45 27 38 19 30 34 40 5 28 24 22 25 21 28 48 37 12 6 6 32 1 42 17 8 8 8 4 46 10 22 23 7 14 1 13 11 25 49 46 3 42 25 47 49 19 32 4 19 1 28 29 49 8 11 14 
10 36 1 20 49 25 45 40 46 44 24 15 49 9 31 49 40 10 23 39 39 41 9 16 7 3 23 29 13 26 20 45 32 23 22 8 43 26 1 4 12 2 6 3 33 39 18 33 20 22 27 19 26 35 42 46 19 40 30 38 50 17 44 48 37 39 6 15 17 37 14 36 13 33 14 22 47 32 47 30 36 24 45 43 4 5 46 37 25 19 38 9 3 28 15 35 23 34 38 19 
24 14 43 3 14 3 28 44 24 12 4 6 26 43 23 15 38 14 21 36 12 47 36 41 46 20 27 9 22 29 2 19 20 1 11 11 21 27 44 15 33 16 28 26 30 24 3 24 38 46 15 3 31 12 12 4 41 39 41 13 1 9 16 28 9 4 8 28 14 2 11 44 6 12 36 23 24 7 27 27 38 20 47 18 18 36 24 30 10 47 4 35 5 8 33 8 12 18 26 24 
5 42 10 22 27 6 1 30 44 38 7 27 13 32 14 6 43 12 25 3 47 41 26 19 18 13 20 41 36 48 41 4 2 45 36 43 15 4 26 43 50 12 18 30 14 2 16 14 25 43 21 28 26 49 38 5 22 7 11 40 15 20 42 19 1 26 4 49 35 22 14 46 47 20 20 40 16 46 19 2 33 3 21 2 24 1 16 29 48 44 10 50 39 9 22 5 47 50 31 49 
37 36 36 4 25 24 8 45 19 12 6 50 35 15 26 43 49 27 24 5 27 26 16 37 15 7 37 33 16 31 26 38 41 13 44 17 9 34 4 4 49 18 10 1 19 1 12 4 44 3 40 33 25 3 32 29 9 22 46 5 36 49 23 38 12 9 10 16 38 9 22 18 6 31 13 33 36 35 31 2 16 11 24 28 7 14 42 24 29 29 22 25 34 4 19 27 1 10 37 17 
18 30 22 27 17 17 32 41 22 22 10 3 25 46 24 7 19 8 32 37 15 35 41 47 5 9 42 32 40 23 46 20 39 19 10 37 13 9 47 38 48 3 49 43 29 3 33 16 13 37 19 29 17 50 9 21 11 13 26 12 49 15 39 39 26 22 16 35 6 8 12 50 31 1 26 38 38 44 15 42 36 38 38 15 9 32 3 3 27 47 50 25 44 42 20 6 17 16 15 44 
10 46 40 23 9 19 11 25 11 33 46 25 3 11 23 23 28 6 45 44 32 23 29 13 9 9 10 5 20 46 17 18 38 7 48 34 32 34 24 19 21 33 41 25 28 44 28 19 47 29 27 48 4 9 9 39 44 2 29 1 43 20 16 14 35 23 2 28 21 15 41 38 30 20 43 33 27 21 2 14 34 43 23 35 19 18 39 8 15 9 14 8 40 16 37 34 31 29 34 17 
11 38 33 3 45 9 48 36 15 44 16 40 13 24 25 42 5 48 31 32 41 50 34 43 3 11 41 36 41 42 11 29 22 24 21 27 41 29 19 10 25 31 18 28 21 47 23 20 7 14 17 3 5 13 11 5 37 49 38 41 7 42 50 9 22 47 29 30 28 8 32 29 4 35 44 23 30 19 42 23 2 45 28 30 25 20 47 42 50 41 37 38 13 34 31 16 14 29 29 12 
46 26 1 34 15 8 47 23 11 32 6 22 2 9 27 40 17 6 15 4 49 12 33 48 3 47 22 48 19 27 10 25 23 44 4 48 27 1 12 6 17 12 24 1 32 50 44 23 32 27 48 22 23 40 16 9 7 49 22 47 21 30 10 20 18 27 19 29 19 50 37 21 22 16 19 32 38 37 11 25 3 19 36 12 28 19 14 43 39 6 48 44 38 44 2 48 4 35 26 15 
23 7 44 31 12 19 17 19 32 30 10 37 16 21 31 6 22 10 3 6 26 36 31 48 9 41 9 41 25 48 36 1 6 42 32 16 26 13 6 44 22 13 19 18 1 36 20 4 30 6 12 3 34 38 4 21 19 14 3 20 6 45 27 24 30 39 22 22 34 6 30 13 38 34 36 44 13 2 8 20 22 49 48 39 23 29 2 41 2 48 22 2 22 22 11 42 13 16 44 30 
9 23 46 45 40 5 26 25 31 24 31 38 6 1 39 36 10 25 38 21 44 35 7 35 33 42 35 30 18 26 38 20 38 7 11 44 37 26 35 20 27 2 41 23 40 41 44 14 4 27 46 19 34 16 44 23 29 50 42 44 44 3 3 38 42 14 17 13 27 28 11 6 14 46 11 39 46 26 40 14 3 50 27 49 21 9 7 32 20 7 46 42 39 1 23 34 26 20 5 36 
34 41 1 23 12 39 9 3 30 34 3 23 36 12 45 39 43 42 20 31 15 12 24 13 3 5 3 50 45 50 16 3 21 48 20 49 3 4 23 14 1 41 43 31 17 29 16 49 36 34 3 21 23 42 39 18 49 50 40 20 4 29 40 31 15 46 32 11 22 10 41 38 31 44 4 41 8 2 41 41 17 12 46 2 2 10 34 9 26 38 38 5 39 31 19 41 10 49 49 32 
18 47 47 21 27 18 11 9 6 27 35 44 24 44 38 41 45 28 40 30 50 20 49 37 24 32 12 36 17 5 4 24 43 49 31 15 28 5 25 7 40 10 48 19 26 40 17 41 27 42 2 38 36 1 6 29 28 25 23 36 47 29 26 11 29 6 28 35 26 35 38 25 7 31 46 26 24 38 6 18 40 47 32 40 30 45 46 26 23 31 48 9 28 35 29 20 29 39 27 28 
25 1 13 49 35 38 44 45 22 44 28 8 42 24 23 42 16 8 1 44 30 28 25 25 36 21 30 10 24 1 44 13 18 28 5 35 22 35 43 37 22 48 5 9 44 17 39 20 41 40 9 29 38 25 28 39 49 3 5 7 34 12 37 36 43 12 44 38 14 35 7 13 10 39 25 8 2 40 42 14 6 44 3 44 17 26 33 20 30 43 4 21 23 45 41 13 8 11 22 48 
24 40 38 33 40 23 11 6 10 38 43 46 39 5 34 20 39 27 15 4 20 23 8 11 44 18 27 27 35 22 15 17 15 1 1 27 44 40 36 35 12 5 39 8 24 25 38 19 43 33 12 12 49 42 30 18 46 37 29 10 32 20 34 36 31 32 11 38 28 15 22 16 12 6 22 41 26 41 49 5 32 39 19 10 10 30 1 4 31 7 5 11 5 47 22 10 22 17 36 30 
11 33 7 30 38 20 41 17 10 18 4 9 44 17 41 38 13 2 18 43 31 47 40 10 45 33 21 43 15 8 6 12 44 4 13 47 49 25 5 28 41 28 18 43 1 27 36 32 38 23 30 12 31 44 36 44 6 21 26 41 41 35 40 47 13 32 15 49 21 33 44 33 32 5 27 39 24 42 46 10 29 39 14 20 30 38 16 24 49 4 46 9 12 16 3 29 6 24 16 6 
29 41 36 19 34 49 33 11 33 7 11 28 44 34 22 43 30 13 31 35 27 42 39 20 25 36 45 18 6 37 41 1 29 28 43 12 44 17 5 19 36 26 24 19 47 37 47 23 31 9 21 24 14 47 1 42 26 25 46 45 18 41 42 35 1 22 44 18 44 40 26 29 1 45 24 37 47 12 39 37 50 29 2 42 18 44 22 18 45 2 43 19 42 13 45 26 35 35 50 46 
33 38 14 20 18 19 3 20 38 25 28 44 22 44 15 35 46 44 49 50 44 50 15 20 16 39 3 9 39 32 7 19 9 48 39 24 7 7 2 19 48 42 11 2 45 42 29 6 36 25 7 28 3 19 30 40 41 11 40 1 23 23 28 27 36 2 2 36 23 17 12 39 40 7 3 39 37 28 30 50 46 13 20 42 36 7 5 10 22 16 11 36 28 6 39 44 31 6 4 5 
39 9 41 48 5 38 50 14 33 2 38 1 34 19 19 42 38 50 20 7 41 13 21 14 48 25 4 29 25 26 13 25 5 6 13 35 23 48 1 18 32 6 8 41 36 35 26 6 39 29 43 7 4 6 10 5 40 10 50 37 48 14 13 10 31 35 37 17 37 17 50 45 36 41 26 19 30 42 37 17 35 29 5 24 12 1 34 42 46 39 8 8 50 6 41 9 18 18 35 13 
40 46 15 37 27 30 13 15 21 13 12 1 7 48 9 3 19 8 48 26 10 43 37 2 30 37 48 49 6 33 17 30 28 14 41 39 40 10 22 15 13 10 25 10 50 23 17 3 42 11 6 25 40 49 35 42 19 27 34 46 16 3 7 17 45 35 27 6 42 16 22 1 17 25 6 3 26 33 47 4 2 4 50 6 26 37 44 33 47 27 1 46 1 37 11 30 1 7 35 18 
17 39 2 1 22 39 44 31 18 46 16 34 33 40 18 4 14 3 12 19 14 5 18 30 17 43 23 38 9 13 47 31 47 48 15 35 16 7 3 34 18 46 5 20 39 43 48 3 9 10 50 21 37 13 4 42 18 45 32 9 10 50 27 8 35 47 32 50 39 44 6 18 42 34 30 6 5 3 30 21 23 2 37 31 11 39 41 32 43 21 12 32 34 14 3 22 48 7 37 28 
34 41 15 38 19 6 9 7 2 27 3 24 13 26 1 39 2 49 49 46 13 9 22 23 42 39 27 49 34 48 20 18 21 43 40 31 28 32 23 30 14 36 37 49 3 11 37 20 43 29 47 12 48 3 3 40 8 21 10 49 11 42 34 37 26 27 23 37 16 46 7 38 27 36 9 11 5 3 7 31 30 14 18 46 20 9 13 32 48 9 16 17 14 42 32 15 39 19 6 45 
29 28 24 28 12 35 38 14 27 46 7 10 47 24 30 27 36 22 8 38 20 16 43 8 10 37 16 20 14 29 19 7 29 46 25 25 36 22 46 39 9 23 32 33 41 9 3 19 12 29 14 43 18 9 38 34 15 47 26 14 43 20 19 49 30 17 9 26 19 36 7 7 11 9 45 25 45 40 20 3 24 10 38 17 20 50 16 37 29 9 47 16 17 33 34 7 13 25 43 23 
47 33 26 16 10 18 5 25 23 34 18 24 26 36 23 46 21 39 23 44 5 27 17 41 40 30 23 3 5 35 25 14 23 4 8 34 46 12 10 8 23 43 29 12 36 17 7 50 47 21 7 46 42 39 5 4 5 3 12 25 36 47 6 42 32 3 43 13 12 6 20 29 29 22 41 49 46 11 17 16 27 30 33 37 6 33 16 19 33 47 29 46 20 13 50 18 44 4 37 4 
1 24 47 31 3 18 37 48 25 11 26 13 3 13 12 41 15 11 18 38 16 39 16 38 20 31 41 20 27 12 44 8 37 1 6 35 45 21 18 4 28 6 42 27 23 17 44 3 22 45 17 40 8 5 33 21 49 17 30 10 34 36 21 43 28 46 4 19 36 29 2 15 27 38 39 47 44 24 10 32 40 24 32 43 1 41 24 18 1 7 14 17 36 30 7 26 34 20 41 20 
42 46 9 45 42 1 26 39 31 14 4 36 21 32 50 28 36 38 32 34 27 32 43 1 17 50 41 24 32 40 26 14 27 25 40 25 46 34 43 25 41 19 44 7 15 9 25 12 18 41 31 41 1 26 33 7 45 37 43 39 13 47 3 7 8 1 46 49 25 30 14 9 2 6 25 40 25 26 27 25 38 26 2 45 7 22 35 30 9 46 39 21 17 8 22 40 30 40 45 49 
18 31 49 41 44 2 28 44 32 36 43 17 18 21 17 33 7 21 46 14 43 18 32 22 23 31 25 4 45 15 21 39 14 9 4 9 41 24 2 9 38 27 10 36 32 3 22 10 45 37 16 5 34 6 46 43 38 48 40 39 31 8 11 47 33 43 37 50 24 2 40 13 25 36 32 1 21 17 27 16 3 22 29 30 33 37 36 17 36 4 47 1 23 21 16 21 29 22 5 50 
20 36 45 33 46 17 11 23 7 3 6 22 26 26 18 34 44 30 25 30 11 12 25 17 2 10 18 26 41 6 50 11 37 21 26 10 32 8 2 20 15 25 21 48 12 16 30 29 33 11 17 49 5 16 34 42 48 5 5 22 39 17 31 38 40 5 35 38 3 29 23 9 34 24 47 2 21 23 33 25 8 33 18 41 27 30 4 34 11 28 28 44 14 16 2 32 4 39 15 23 
23 18 49 35 20 13 12 6 2 49 43 35 1 6 1 40 18 49 46 49 22 46 38 1 35 28 42 47 38 2 16 46 45 29 29 50 13 50 43 46 18 27 43 4 48 16 38 32 4 3 7 46 30 29 3 9 5 9 22 4 25 8 50 12 36 33 18 18 5 13 30 28 13 40 48 40 37 38 4 33 28 3 47 48 33 46 25 46 33 3 33 38 36 5 50 33 44 50 5 6 
1 29 19 25 2 38 40 25 1 11 34 12 47 14 47 45 46 47 5 11 20 17 36 19 21 26 45 33 6 2 7 44 42 24 1 23 13 19 3 36 13 23 1 20 21 46 15 30 33 20 44 17 39 26 20 15 21 49 49 39 4 42 13 32 19 45 39 46 44 19 38 50 5 32 30 7 26 11 33 23 28 49 28 26 26 22 41 32 48 8 11 28 4 41 25 20 36 49 24 17 
24 5 42 11 15 45 24 8 36 24 29 50 10 18 41 20 5 13 44 21 13 1 43 40 43 37 15 22 17 46 50 5 32 8 15 33 44 33 40 40 10 46 13 36 30 31 2 44 13 24 34 37 8 40 27 3 36 17 18 22 21 16 9 32 33 13 24 43 47 20 16 37 25 5 33 20 2 5 12 46 36 30 19 30 13 25 26 44 33 35 23 17 2 34 27 5 19 18 17 17 
24 11 42 17 21 49 32 26 24 10 39 40 49 5 41 7 40 37 39 36 18 11 32 7 35 11 33 44 24 41 44 20 13 46 7 15 9 39 6 44 44 15 17 40 37 25 41 34 29 38 28 23 10 19 49 41 9 7 2 21 8 31 4 45 15 49 31 15 14 21 17 17 28 38 33 6 38 15 41 33 44 47 7 15 42 25 45 50 48 48 44 43 20 40 32 19 17 7 41 35 
10 7 44 34 8 13 20 4 42 50 19 39 12 25 26 21 28 37 22 50 42 13 36 31 37 33 40 21 19 29 38 25 5 45 16 1 15 45 14 49 2 4 31 41 9 4 13 50 6 40 3 41 47 45 37 5 7 42 32 30 27 20 30 3 28 11 43 44 29 35 49 2 39 3 1 6 31 32 16 28 41 40 39 21 22 4 23 5 26 19 21 39 42 1 23 3 17 37 38 2 
18 16 44 9 9 22 37 22 23 24 32 47 2 5 34 5 4 34 22 21 39 48 24 44 32 49 4 44 2 50 13 50 13 10 31 36 16 18 14 7 44 44 43 34 3 10 8 44 2 46 42 21 45 9 39 39 36 33 31 26 5 13 46 45 45 33 17 12 31 33 24 31 38 40 11 48 14 22 16 35 38 15 12 47 38 6 2 3 21 11 24 34 2 38 1 10 12 21 15 1 
42 44 22 49 34 10 19 15 50 47 45 10 36 19 7 36 15 2 26 47 39 22 25 16 3 21 20 38 46 45 13 16 3 5 34 12 25 34 46 27 48 22 13 35 19 20 19 10 4 49 46 31 26 22 36 44 49 43 1 32 46 4 43 20 22 12 3 24 7 12 24 29 4 33 8 43 27 43 11 39 21 30 42 35 21 1 15 50 16 30 5 20 11 18 26 11 49 20 50 6 
38 7 15 44 38 36 35 16 35 49 6 32 28 10 50 2 5 16 1 34 47 29 42 7 21 6 29 35 40 24 16 42 14 17 34 16 33 36 13 3 14 48 16 8 19 25 34 29 34 38 50 34 48 37 10 1 40 19 36 23 36 28 12 36 30 7 46 37 40 2 46 35 6 34 1 39 26 5 44 8 26 41 49 47 31 32 20 26 21 11 33 19 38 10 45 42 45 42 47 34 
41 21 36 46 15 18 19 14 12 36 46 19 34 47 39 9 36 26 1 5 41 30 5 23 18 11 3 28 21 18 18 16 6 15 38 50 33 43 31 21 39 35 4 23 11 31 24 37 39 16 13 29 2 16 19 49 32 40 31 32 19 1 7 41 50 36 6 45 1 19 48 50 35 33 39 48 41 46 28 33 50 31 5 6 33 18 27 7 17 37 34 23 49 38 10 37 42 24 42 50 
24 22 44 4 17 14 46 39 28 34 6 47 42 49 17 42 16 7 47 13 27 44 20 19 23 12 26 45 46 50 2 12 43 49 14 40 12 11 27 23 25 50 13 15 9 32 49 46 17 49 32 46 1 2 49 26 35 1 18 10 32 49 38 13 30 25 17 28 50 43 47 12 49 34 39 19 26 45 11 23 1 31 31 21 28 6 26 13 43 39 17 22 15 27 36 2 27 10 47 8 
28 6 38 34 38 42 22 29 35 30 31 31 33 21 14 16 10 42 9 49 29 22 2 23 32 21 35 28 39 48 46 2 24 20 16 34 10 47 34 10 12 4 39 44 27 39 31 29 19 24 8 20 2 17 40 26 29 17 38 39 6 50 8 14 36 49 50 7 36 22 50 48 15 8 28 21 49 37 3 25 44 39 47 47 38 19 26 22 44 21 47 3 21 27 26 50 25 28 37 47 
33 39 5 28 20 25 12 17 14 31 29 14 24 32 32 33 33 45 8 19 24 20 34 33 37 3 25 47 24 6 9 32 21 4 10 48 19 32 3 22 37 43 10 13 43 43 21 30 32 7 1 9 6 19 2 45 46 40 1 45 26 18 50 25 36 9 31 12 21 42 12 47 1 22 49 49 9 46 39 24 44 5 33 5 22 19 21 39 20 17 13 32 45 12 43 35 31 42 12 38 
16 18 50 44 33 38 13 38 42 19 28 3 31 2 38 30 38 28 28 47 33 40 20 13 11 6 21 42 40 25 6 40 33 4 31 7 38 28 23 8 15 50 11 36 36 14 27 28 23 30 28 1 26 8 47 43 2 31 48 6 36 47 37 6 29 32 50 43 9 42 27 8 47 33 28 42 38 38 1 41 28 47 39 49 22 44 7 44 17 39 26 22 34 50 10 19 46 29 33 9 
14 32 11 50 11 24 7 25 47 21 20 28 35 18 31 42 44 10 41 23 1 13 20 2 6 38 30 29 10 7 44 43 34 18 10 48 43 18 4 6 7 13 1 16 28 28 27 26 32 16 11 32 34 35 45 25 36 36 37 21 45 13 47 7 17 34 27 16 49 20 25 1 46 26 38 13 9 33 46 36 10 39 24 11 44 7 19 16 28 15 1 29 28 26 16 4 27 16 28 32 
34 24 14 50 41 42 49 29 26 20 24 3 33 6 8 31 12 45 40 7 18 49 31 39 18 24 49 27 49 17 31 12 34 36 42 39 37 10 11 41 15 25 49 43 9 10 40 49 1 47 9 38 24 42 31 1 5 5 25 32 28 3 39 35 6 33 37 18 28 11 9 40 42 36 40 20 45 46 46 17 23 49 23 41 48 37 7 15 18 12 4 27 30 28 37 48 21 6 22 43 
43 26 19 2 8 26 2 1 48 41 18 11 43 50 50 44 45 37 15 33 46 10 48 20 37 45 41 47 49 13 20 33 38 17 41 37 46 14 21 34 6 22 2 17 39 48 39 21 16 16 25 38 49 9 22 33 16 21 5 48 44 29 25 24 29 20 39 22 24 37 17 19 27 47 4 39 23 12 38 38 29 15 45 16 35 7 1 40 12 8 28 44 13 28 7 36 10 12 41 48 
8 16 45 6 35 12 4 1 11 24 33 38 40 38 14 2 14 15 49 49 41 25 49 35 27 36 28 6 21 9 49 9 17 6 41 41 3 44 27 8 47 19 37 50 14 9 38 26 27 30 11 35 36 41 30 34 38 46 45 35 26 26 6 29 34 26 26 40 36 20 15 14 27 28 17 16 24 1 4 10 1 12 14 19 11 24 11 36 36 47 47 45 20 28 12 3 41 16 35 4 
11 48 13 7 32 2 39 16 20 37 3 22 26 9 38 29 32 44 41 39 10 31 27 39 11 11 29 4 40 29 5 47 14 42 47 10 24 8 3 11 22 21 39 26 13 50 29 34 28 1 41 39 44 24 9 1 28 23 40 44 50 17 43 18 5 43 27 46 49 45 26 48 49 45 18 42 19 13 13 28 18 48 41 35 15 1 33 21 49 15 24 15 18 20 48 16 39 14 45 1 
6 29 21 33 38 15 31 3 4 28 5 17 48 38 13 21 6 37 42 49 18 47 45 26 30 9 45 7 6 45 29 32 4 29 40 50 39 1 15 45 26 7 48 10 16 23 24 47 6 38 42 39 28 3 33 36 35 19 50 23 13 32 5 41 9 28 15 6 8 47 42 35 27 12 20 12 5 4 9 41 38 48 42 11 26 31 39 39 35 6 3 12 16 2 16 4 32 40 45 15 
28 6 36 39 16 7 20 13 30 32 2 49 39 42 14 2 37 43 6 9 12 25 39 7 24 32 4 24 37 17 47 4 3 34 33 43 20 37 6 23 6 11 39 19 14 27 36 30 39 39 16 23 19 44 29 41 42 48 32 40 4 41 19 18 18 39 26 33 29 47 42 47 28 25 37 48 17 45 14 16 44 18 18 8 37 1 25 29 9 28 22 40 44 47 29 19 44 28 36 23 
36 17 5 44 1 10 49 33 36 4 22 12 44 24 24 4 18 20 17 35 16 31 38 46 22 16 9 17 47 4 34 15 16 25 26 18 50 19 9 20 26 47 18 22 2 26 48 39 44 35 40 11 4 38 22 48 35 50 41 7 49 41 26 46 29 2 14 47 29 19 35 7 9 31 27 17 45 3 39 22 36 50 14 36 13 3 16 14 43 32 41 2 3 47 2 30 15 24 17 36 
15 30 12 23 38 48 23 14 49 1 10 30 25 22 26 10 32 8 14 36 44 45 9 28 8 43 1 20 34 24 45 26 42 3 25 14 2 6 47 2 11 4 42 3 27 35 31 18 18 12 9 1 16 21 12 31 20 36 43 50 45 45 10 7 42 6 8 29 21 30 40 15 23 9 14 19 28 29 15 4 27 42 43 31 26 44 13 38 39 14 37 20 7 1 41 4 46 27 47 31 
35 45 10 7 47 30 43 37 45 7 30 36 17 24 29 32 33 33 32 12 4 36 38 34 47 36 35 5 3 32 9 32 47 43 31 48 27 15 6 16 45 8 17 32 45 36 39 41 35 16 34 29 14 6 32 6 19 47 34 4 11 41 47 46 46 14 11 7 7 30 5 14 44 16 41 20 49 5 37 31 10 31 33 3 7 30 11 38 19 13 19 40 34 40 45 4 20 19 25 39 
47 37 33 27 42 22 10 34 38 25 15 6 7 44 13 43 19 49 30 49 38 30 34 38 39 46 21 18 5 47 30 44 10 36 22 28 42 44 8 7 17 39 15 23 21 3 7 12 35 36 43 39 2 10 25 18 7 29 10 21 26 8 1 29 4 40 20 44 43 38 40 3 43 8 31 34 14 26 48 36 8 45 25 43 36 32 37 42 18 40 47 24 49 42 12 42 44 47 24 1 
29 42 43 39 39 24 38 15 1 12 18 29 40 50 47 27 14 42 15 49 41 15 16 40 50 42 3 41 36 40 49 9 32 8 21 14 14 49 32 1 42 45 33 18 17 43 14 9 48 3 22 28 36 38 35 34 33 33 17 44 10 16 23 9 23 8 8 8 22 44 3 49 3 8 44 29 42 8 33 43 28 42 34 21 5 15 25 3 16 39 28 19 28 21 13 46 33 45 45 39 
6 2 48 30 46 1 48 26 50 7 43 25 30 24 15 18 27 26 35 44 41 19 27 4 16 21 31 10 28 25 32 38 19 15 6 31 15 40 13 5 29 25 15 11 46 44 27 45 21 11 49 35 9 31 4 36 2 31 9 11 44 16 25 21 3 45 23 45 10 27 5 40 29 22 5 48 17 29 31 38 15 19 21 24 29 49 1 33 13 47 42 26 16 25 44 20 48 35 26 39 
8 42 39 11 21 34 3 22 37 46 24 43 25 2 18 8 1 50 42 15 11 4 15 14 25 5 41 35 29 14 38 37 39 21 48 47 21 36 48 18 31 3 48 29 34 14 25 1 49 25 19 19 38 29 36 1 5 26 38 12 48 6 39 12 17 13 32 9 20 17 10 2 23 14 2 40 39 40 8 16 10 46 22 32 7 37 41 29 24 43 38 3 17 23 3 50 5 34 39 7 
1 33 48 10 7 42 44 14 22 47 39 16 6 9 26 40 45 45 26 25 17 10 44 5 40 8 24 39 48 3 38 21 50 24 49 42 9 49 6 10 49 5 17 49 8 19 5 46 46 34 19 30 33 47 44 18 7 40 31 38 26 17 8 44 1 29 35 48 1 14 15 19 18 33 45 43 37 3 18 3 39 17 4 38 38 10 24 23 42 43 13 16 36 26 35 23 45 5 30 48 
29 16 16 13 9 32 39 47 31 1 38 12 49 24 10 9 18 1 37 5 36 29 16 45 6 32 49 32 29 40 39 25 16 1 40 34 22 38 35 23 44 23 23 30 22 5 1 34 40 42 21 26 43 9 49 14 2 17 19 37 24 24 16 29 20 49 45 5 38 35 18 36 33 42 47 24 34 41 25 40 35 36 13 36 38 26 21 11 17 48 10 13 35 32 35 13 20 21 45 17 
23 27 40 15 33 35 36 14 13 12 29 35 41 39 50 1 46 22 26 8 16 24 36 6 45 17 2 43 22 46 2 28 41 31 2 23 18 24 29 37 22 1 10 29 4 19 18 4 37 27 24 26 46 47 32 11 9 21 5 5 2 20 45 44 41 18 23 7 6 5 19 47 2 5 32 49 45 15 5 10 37 16 41 40 17 32 14 5 9 49 34 49 4 23 35 6 4 4 35 32 
21 15 31 29 33 38 43 4 13 16 30 2 35 18 38 35 27 12 46 32 1 23 10 7 50 34 50 5 46 26 26 45 50 49 35 35 8 48 40 2 24 6 48 26 37 7 40 16 22 5 31 6 4 35 39 35 18 32 21 13 31 3 29 6 48 29 11 37 5 49 38 3 46 26 45 34 1 45 7 8 33 9 32 4 19 22 44 30 49 45 24 40 26 35 13 49 20 33 30 20 
18 40 15 34 46 44 41 23 17 43 34 46 37 43 15 3 32 25 48 10 19 3 5 41 44 10 46 3 2 35 16 5 41 2 38 36 9 16 23 25 7 44 12 22 32 21 16 15 31 17 5 28 21 34 28 25 33 10 30 46 18 41 46 27 18 16 1 3 1 11 46 25 13 8 17 5 14 45 48 36 49 19 21 50 12 19 35 32 43 24 48 45 37 45 42 24 45 30 4 9 
22 2 28 3 40 29 45 17 14 49 28 25 23 40 19 44 34 3 6 1 23 1 37 27 49 21 14 46 31 8 10 17 7 8 25 42 28 18 36 14 9 13 22 45 39 17 22 46 31 49 20 24 36 29 47 40 7 28 18 49 20 49 18 32 5 33 38 39 2 18 19 1 47 23 30 8 17 40 16 20 9 33 5 9 48 41 30 48 32 7 46 20 40 15 41 16 18 15 39 29 
19 39 37 1 25 10 33 6 26 34 43 36 31 5 23 45 24 23 5 32 30 16 38 42 36 7 41 11 28 8 49 9 49 43 14 50 3 26 34 20 17 19 7 45 2 42 3 7 28 45 23 18 5 47 37 37 3 4 50 44 38 33 35 12 36 5 31 5 29 4 28 27 26 35 15 15 16 7 6 1 26 9 34 43 46 9 31 8 49 38 16 38 29 11 20 20 1 35 43 36 
1 26 34 21 41 7 6 13 48 12 28 35 1 31 8 14 6 43 15 7 3 7 36 5 3 12 7 32 50 46 12 1 13 44 1 48 13 6 1 5 23 3 32 16 32 33 46 30 23 7 44 6 44 8 25 37 10 41 17 15 9 47 48 35 29 6 10 35 28 38 6 45 1 25 44 19 19 14 49 6 19 8 44 23 14 23 11 43 35 34 3 31 50 14 27 31 44 46 13 26 
39 43 11 33 22 40 10 1 28 12 3 3 15 24 3 26 25 50 10 50 27 47 49 48 45 25 42 6 38 14 25 36 49 46 37 1 46 31 12 49 39 10 24 4 49 27 15 39 19 37 19 48 20 17 13 33 4 25 4 1 25 9 28 22 42 50 8 37 50 23 6 10 50 12 49 37 26 28 5 45 45 14 35 33 32 13 30 30 14 5 5 5 36 33 38 15 4 11 11 6 
7 12 26 1 11 2 29 32 1 16 12 48 26 13 40 46 12 8 21 43 33 26 40 21 30 1 6 8 24 38 37 44 11 46 47 18 3 50 32 4 27 1 29 50 24 47 29 46 45 38 38 36 18 33 31 23 23 46 47 30 1 35 40 50 19 36 15 16 24 40 42 49 27 23 44 24 36 50 18 9 15 41 3 23 26 3 10 48 44 36 11 10 23 26 26 26 42 11 42 17 
6 8 28 48 20 25 1 3 18 19 3 27 5 21 19 38 45 45 1 18 3 19 46 40 40 34 18 40 36 17 25 49 48 7 9 46 15 32 7 41 18 1 15 13 47 49 38 46 33 3 46 21 2 13 3 50 9 14 20 28 45 34 25 49 31 3 35 23 44 36 18 9 30 10 3 22 29 28 33 29 47 5 7 48 16 3 47 1 29 7 24 36 11 23 2 44 3 50 40 11 
17 9 29 10 12 44 11 48 48 14 5 36 43 28 9 18 10 2 46 22 2 16 50 20 25 30 5 38 46 33 29 41 35 30 26 28 28 36 39 1 23 26 26 16 29 31 12 21 13 44 12 5 50 36 4 45 32 3 24 23 9 5 17 39 38 38 5 35 37 32 1 40 4 36 16 35 27 8 11 46 21 16 50 48 40 18 26 29 4 18 9 8 23 32 40 24 47 25 4 15 
1 48 43 24 7 14 44 7 27 37 28 45 32 47 21 26 43 20 37 25 2 5 20 30 36 37 32 21 33 49 15 41 30 14 13 47 1 47 15 48 21 45 45 26 6 37 11 3 43 49 11 13 33 28 3 33 48 35 12 29 16 3 46 14 19 28 8 15 19 8 33 9 46 9 36 28 42 6 18 24 44 11 35 47 7 14 2 5 40 12 49 45 36 44 4 38 45 22 42 41 
43 16 32 37 28 37 43 4 35 50 25 48 31 10 50 13 50 12 46 5 43 20 43 16 14 14 13 48 2 9 45 16 43 25 3 15 6 25 28 11 47 22 15 37 7 39 42 25 37 12 13 6 5 45 46 39 3 3 50 14 19 5 50 16 2 5 47 7 37 50 34 18 10 21 20 19 24 19 3 35 24 32 33 48 27 22 9 42 9 40 38 8 21 25 36 33 3 28 18 47 
27 7 35 18 19 14 24 7 18 6 38 12 41 49 35 24 37 4 1 41 36 46 49 47 4 48 17 44 46 33 18 50 16 18 44 28 37 49 42 28 10 22 20 6 46 25 12 4 19 25 40 15 23 31 11 2 12 6 23 8 15 5 38 48 29 15 1 40 26 44 7 44 16 10 35 2 11 39 28 32 38 4 10 10 40 3 46 44 5 15 37 1 29 32 10 40 4 7 34 23 
1 16 19 47 41 23 7 48 14 38 10 29 9 9 48 25 9 37 29 39 46 4 20 33 21 18 8 43 31 3 21 35 40 31 27 36 4 17 26 16 14 18 20 6 46 28 37 5 2 8 3 27 26 5 22 45 23 34 2 37 36 15 4 28 41 22 29 20 22 1 31 6 19 5 22 33 15 45 45 48 37 8 7 42 25 35 6 32 37 19 44 4 23 35 9 11 16 39 11 43 
50 11 43 32 22 32 26 4 31 26 6 50 24 27 15 39 4 21 34 34 46 7 38 28 34 26 29 35 9 16 36 1 7 39 19 50 47 10 10 40 9 11 25 42 46 8 3 19 5 28 24 11 19 39 37 24 24 29 24 26 20 37 39 21 44 40 29 7 20 17 22 34 14 49 17 19 44 26 28 4 8 41 3 8 38 16 30 7 1 6 39 19 44 50 50 16 15 5 31 39 
35 15 5 24 9 42 18 29 4 5 14 29 7 5 38 48 37 27 1 27 4 49 14 20 25 23 5 30 22 38 46 31 14 37 37 18 13 9 12 36 32 4 20 46 10 19 24 25 49 27 40 33 8 21 27 19 13 37 17 41 34 13 48 49 3 7 48 41 5 36 36 2 33 31 18 27 31 45 9 31 11 35 14 6 1 12 6 19 35 12 39 44 20 4 24 29 7 42 17 18 
17 25 5 42 43 28 36 26 47 1 25 43 19 23 30 44 23 37 25 45 22 45 33 15 16 49 15 39 20 1 5 20 48 28 23 3 1 18 30 25 34 32 16 2 11 12 22 15 17 35 46 32 36 5 35 19 10 38 25 43 35 31 40 38 46 47 6 14 46 46 6 30 21 4 33 20 34 4 30 50 35 20 44 36 42 24 8 31 17 10 10 29 26 45 3 15 43 50 9 21 
48 34 40 28 50 32 5 3 7 21 3 47 21 50 29 47 32 50 23 46 28 39 43 30 19 38 3 4 20 22 47 40 11 42 7 37 19 13 46 14 30 2 15 24 15 36 46 35 40 37 25 29 7 29 28 14 40 41 19 1 44 33 6 32 42 11 31 27 35 29 36 26 37 32 3 45 21 7 17 23 27 48 47 37 10 5 8 48 29 12 32 25 27 2 2 29 26 50 3 35 
13 42 8 15 29 17 36 42 31 37 24 16 40 36 24 17 38 6 50 16 14 19 19 20 19 29 8 44 37 31 14 30 10 2 23 9 39 44 50 31 18 20 41 18 8 49 37 29 28 38 13 4 36 3 24 24 19 34 21 40 11 50 4 16 22 40 31 49 49 31 33 27 22 35 10 35 45 20 20 35 48 41 18 12 3 31 44 46 8 36 45 47 36 12 15 14 25 5 45 12 
47 20 22 30 50 25 25 40 45 50 20 14 18 4 22 40 26 43 7 9 34 4 46 29 35 44 5 41 33 10 27 6 30 13 4 39 41 50 47 20 22 39 23 27 7 16 14 8 11 7 26 3 30 39 11 17 45 18 49 17 37 35 27 9 17 12 33 35 19 36 18 29 7 3 27 34 33 33 14 31 2 32 27 20 42 9 41 6 21 30 4 46 50 30 8 12 40 25 11 34 
24 12 14 42 45 24 47 15 35 14 30 45 25 48 42 33 4 34 36 26 17 17 45 30 48 8 19 42 1 37 43 50 31 3 46 11 16 5 34 31 30 27 33 17 20 2 12 1 13 32 16 9 21 24 28 42 28 35 4 7 33 18 47 36 42 5 7 44 16 27 20 43 20 50 29 31 15 23 4 28 2 6 32 17 20 41 29 47 47 26 13 17 37 8 48 36 19 26 7 44 
26 25 21 43 41 2 41 23 33 21 9 6 35 23 35 47 4 10 23 35 18 10 10 31 14 42 45 36 34 45 5 18 23 47 38 47 32 42 42 43 18 26 7 44 28 21 43 14 44 22 48 41 2 19 23 26 45 27 25 18 41 5 28 19 23 11 18 48 42 24 18 23 27 3 44 47 28 33 8 47 11 4 49 35 42 1 18 28 35 47 45 28 50 48 20 3 37 48 11 6 
23 22 11 1 21 45 14 23 18 28 31 42 25 29 30 3 34 21 10 11 31 43 40 18 16 36 5 42 43 28 33 34 47 10 8 10 6 48 46 47 45 42 49 47 40 4 19 49 37 25 27 20 1 15 31 17 29 30 45 24 7 16 35 27 17 40 49 50 26 42 19 7 8 27 44 9 31 24 22 41 13 29 35 46 43 5 2 11 14 23 33 22 9 26 50 11 32 6 40 6 
23 6 29 11 40 33 18 6 1 44 13 17 23 49 31 15 30 47 43 13 42 25 44 41 43 46 24 50 30 29 37 12 6 18 3 2 20 49 40 5 2 26 18 46 9 47 12 5 41 29 7 22 5 30 24 17 23 24 9 3 47 15 10 4 16 26 3 1 16 42 28 33 42 40 26 14 19 23 42 7 12 23 15 22 7 31 14 24 44 8 38 33 18 36 49 14 47 24 25 50 
41 46 17 38 24 49 11 41 29 22 1 30 41 50 1 9 9 7 23 35 4 2 26 2 14 35 29 10 6 24 14 39 11 16 42 16 36 26 18 14 15 28 22 50 15 12 37 17 13 32 13 19 49 1 5 2 19 47 2 44 36 40 33 25 40 34 37 16 1 29 2 20 5 38 34 27 49 13 44 29 13 18 26 16 42 25 27 46 19 32 9 17 11 17 9 1 45 20 20 33 
20 33 3 27 12 49 33 20 11 10 24 10 31 44 38 15 28 7 39 47 17 26 5 29 25 36 4 19 39 44 44 15 18 12 13 6 44 25 36 6 49 6 50 42 21 17 10 36 5 29 42 13 16 22 30 15 20 5 14 9 38 40 26 40 14 10 8 9 47 50 37 43 18 3 23 6 11 15 35 19 2 26 18 8 18 41 4 9 37 24 33 25 24 26 18 6 31 34 27 40 
16 3 36 24 15 42 47 37 38 32 23 35 47 29 34 9 9 39 18 29 35 2 8 7 28 23 20 28 6 9 13 35 42 48 46 41 26 23 42 15 10 29 33 41 6 39 20 10 42 7 45 43 40 5 50 29 31 47 3 17 43 9 22 30 23 1 48 38 50 20 13 22 16 48 42 22 22 23 12 8 1 49 39 33 45 26 5 49 17 3 48 6 30 10 13 13 34 10 23 40 
3 3 29 25 31 2 44 20 28 48 41 46 41 7 38 37 7 30 50 10 33 23 11 5 40 37 27 35 4 37 33 40 21 42 44 22 43 32 13 21 35 12 24 20 13 18 50 2 36 9 15 15 43 45 6 12 9 15 36 32 25 50 28 30 21 41 28 45 10 50 43 13 7 34 9 6 20 23 14 32 40 29 28 24 31 21 22 42 44 18 18 11 27 12 20 4 2 39 36 12 
39 48 13 5 38 29 14 50 31 44 33 44 43 1 16 42 26 17 22 41 30 4 46 20 2 3 24 37 16 38 19 1 18 7 30 48 42 15 20 48 33 5 50 4 8 4 28 45 29 37 30 40 23 34 42 49 31 6 37 22 45 10 49 14 5 32 22 50 50 40 12 42 45 11 17 16 40 34 41 39 4 34 42 34 45 29 2 15 37 18 5 1 24 26 28 16 8 2 16 31 
25 4 2 12 17 21 42 12 34 3 49 15 49 24 46 3 17 17 46 25 18 3 12 18 20 39 47 39 49 30 3 46 11 42 44 1 37 4 46 42 12 8 30 14 29 11 44 29 10 6 34 28 17 27 19 30 17 5 20 32 2 7 27 36 22 21 1 24 24 17 35 44 2 27 32 26 27 30 2 25 44 3 24 30 26 37 41 16 15 43 40 44 22 10 16 37 7 21 8 5 
15 1 32 15 13 23 48 7 39 16 6 36 9 33 5 31 43 29 10 32 31 7 6 23 35 33 10 38 25 29 45 24 10 29 42 9 35 41 25 34 31 21 41 28 8 38 19 37 44 6 21 40 50 3 41 19 12 4 6 27 6 10 30 42 47 5 37 43 29 10 23 44 37 14 42 29 47 44 43 49 37 27 22 15 38 50 48 13 46 50 29 44 33 46 13 38 27 4 23 15 
19 11 5 13 19 14 25 37 30 8 14 22 4 25 45 18 45 3 12 21 39 30 21 42 48 39 26 4 37 32 23 47 31 21 33 15 45 7 12 49 29 5 8 24 4 49 35 37 6 49 40 43 35 38 9 46 17 22 17 38 45 43 41 21 41 3 35 41 10 9 34 44 30 9 17 8 31 30 9 2 20 42 16 11 40 2 37 9 20 9 36 33 39 12 19 5 39 37 25 46 
30 6 12 5 39 14 31 12 45 49 29 38 39 2 12 39 27 31 47 19 1 20 36 17 20 46 27 33 21 1 45 6 5 19 12 24 11 27 25 4 9 18 9 6 13 1 31 11 1 20 35 16 24 21 44 35 7 15 3 24 42 8 25 28 16 33 20 3 1 23 24 6 50 5 31 44 9 10 26 42 39 45 7 20 34 10 30 50 36 27 5 10 46 3 44 50 44 14 21 35 
45 26 34 36 44 23 23 32 44 50 35 46 45 34 25 4 47 5 9 20 27 21 4 44 8 16 48 16 37 17 50 34 49 12 32 46 20 20 1 45 2 23 44 8 43 46 14 23 5 5 13 9 49 4 24 42 2 43 13 47 45 25 41 49 50 24 23 9 21 11 30 26 33 2 6 9 6 26 2 49 25 12 26 12 20 14 2 40 40 29 36 4 49 42 12 25 20 33 33 7 
43 43 38 49 4 23 27 47 42 50 16 20 2 41 13 38 11 10 11 38 30 36 46 39 30 2 16 10 48 35 18 14 44 48 41 26 50 24 8 22 40 46 46 41 48 24 25 17 7 10 41 4 44 11 21 14 4 23 20 32 37 35 5 31 38 6 18 14 37 42 4 14 39 41 6 35 28 13 26 27 10 42 12 22 46 33 6 18 35 26 40 40 43 9 16 27 34 49 2 42 
15 50 19 42 31 12 20 6 2 42 50 45 6 25 15 43 23 48 45 8 40 46 16 47 2 49 11 24 45 8 39 48 37 49 37 3 6 17 48 43 18 41 30 16 48 18 5 17 37 32 20 40 32 49 29 15 21 14 14 7 11 32 41 12 34 29 49 30 2 2 34 34 5 14 31 2 7 26 22 15 31 36 41 22 27 40 32 26 35 27 31 28 15 34 27 9 8 24 6 37 
28 44 3 1 28 24 21 31 31 38 36 17 43 35 36 30 40 19 41 43 18 14 20 9 13 12 22 32 41 24 30 26 39 38 33 34 48 23 30 48 10 45 38 27 35 25 17 18 35 6 10 28 6 17 24 18 35 48 44 37 36 18 5 8 44 24 1 19 11 44 9 30 29 34 50 45 33 4 13 46 28 3 6 13 5 9 49 9 43 5 6 4 42 23 4 19 47 48 47 12 
47 20 41 39 23 31 10 39 27 33 20 19 34 12 32 12 20 35 22 2 27 49 38 8 43 45 46 40 22 19 17 18 20 1 8 35 44 7 42 25 27 8 14 13 36 33 4 3 38 49 30 48 19 45 4 42 39 38 35 19 10 17 39 27 25 3 26 49 46 50 16 40 24 41 10 16 12 5 8 34 14 47 17 19 28 40 35 12 15 41 41 7 1 49 1 41 43 26 46 7 
14 36 8 16 44 30 19 37 14 26 29 2 34 34 39 18 48 48 12 48 38 21 19 1 34 44 1 19 36 37 15 37 1 36 3 6 48 1 19 17 40 1 2 35 22 37 22 29 40 17 48 7 6 2 19 50 34 12 46 30 32 3 1 35 9 7 25 8 25 18 23 28 2 30 43 50 15 46 23 24 14 12 9 50 5 21 47 5 7 29 14 14 48 40 21 11 24 5 47 26 
17 26 7 44 36 1 6 42 35 3 17 38 50 47 23 1 2 15 9 45 7 24 14 41 43 49 37 45 17 2 24 10 18 6 35 42 37 30 8 41 35 17 28 10 23 38 38 22 14 37 3 38 12 22 22 2 33 13 35 12 37 23 46 10 20 34 21 9 21 37 2 43 4 29 47 7 30 15 37 2 25 42 37 33 9 1 16 34 29 14 14 27 40 21 33 28 14 42 21 21 
20 8 36 47 30 47 15 49 46 8 31 38 35 35 14 43 39 37 6 9 27 18 23 32 26 38 26 15 27 25 19 34 33 42 32 16 17 31 40 40 49 17 20 18 11 2 37 20 43 9 16 16 25 12 10 39 16 47 29 39 49 27 8 7 23 45 39 44 4 4 28 32 1 5 48 22 20 14 40 10 25 10 26 7 3 42 11 27 44 2 17 49 41 13 34 45 24 49 28 31 
12 25 24 30 44 20 16 7 46 9 49 48 27 32 43 8 37 42 7 7 15 27 43 15 28 44 41 6 50 25 29 40 11 3 32 3 9 45 3 16 7 41 13 14 22 37 27 41 27 32 47 21 12 13 30 19 34 16 8 14 50 8 32 15 23 27 44 19 37 9 5 41 2 31 20 8 50 18 23 24 18 24 47 35 7 47 35 15 35 41 32 28 5 32 36 24 37 42 20 49 
40 44 39 44 16 50 25 12 36 36 39 31 22 4 7 24 34 37 29 35 23 16 23 35 13 34 26 45 23 3 48 13 29 48 49 14 15 50 47 8 1 1 35 17 3 21 26 34 29 21 19 13 25 2 44 29 6 15 36 6 4 4 22 47 32 36 17 48 17 4 22 30 1 39 6 4 24 41 39 10 46 41 7 36 32 45 21 31 33 43 2 23 31 19 13 5 25 4 42 34 
