18 1 25 9 15 46 28 42 43 37 5 4 33 17 46 27 39 13 50 45 12 34 15 12 19 45 8 10 42 29 36 43 7 43 49 6 30 1 2 49 24 5 41 27 9 40 24 39 33 42 16 9 31 7 37 46 23 30 24 13 41 37 18 25 3 1 25 31 42 38 38 34 10 9 39 47 31 19 42 6 10 38 34 42 1 37 21 22 50 35 35 50 39 39 18 44 34 22 18 15 
17 2 50 7 4 9 10 3 36 44 38 4 1 19 47 32 49 8 23 43 30 8 42 39 12 35 6 47 37 34 43 17 49 2 50 27 40 13 11 20 39 40 24 36 36 27 8 33 5 40 30 43 6 50 13 11 4 24 47 30 38 50 46 17 6 33 35 2 22 14 6 4 9 46 7 9 33 45 23 12 1 17 10 40 25 11 50 14 23 19 6 42 26 15 25 25 10 21 48 28 
21 19 36 31 28 50 26 25 23 32 33 44 32 43 37 1 11 25 21 34 11 18 1 45 25 26 45 3 17 44 35 15 3 38 27 8 16 28 9 10 37 38 25 28 29 21 13 47 12 26 11 17 27 22 48 21 25 14 2 30 14 29 8 1 40 11 25 9 38 1 29 35 41 5 7 1 36 17 8 8 22 12 23 13 47 42 30 16 33 6 13 35 23 20 14 34 36 49 39 43 
12 26 26 21 35 34 49 2 35 35 44 6 49 1 42 6 13 28 29 44 24 14 23 11 33 46 32 39 41 40 46 15 41 9 10 6 32 30 9 48 7 28 42 41 25 28 34 43 2 10 29 35 37 21 48 4 14 14 22 41 43 14 5 33 6 40 23 48 49 15 26 13 29 13 36 45 41 9 21 24 23 38 14 4 28 20 16 44 39 38 14 32 43 11 9 39 41 44 21 18 
34 27 39 30 49 10 17 6 27 26 2 47 16 43 14 47 23 7 30 6 13 44 37 42 45 3 39 6 32 42 12 37 1 35 4 3 13 5 35 7 25 14 29 31 9 6 15 27 10 12 49 4 21 24 20 10 20 4 32 43 14 40 39 11 35 12 44 20 20 1 15 16 16 40 39 5 11 25 16 42 30 49 39 33 40 9 41 14 35 1 36 22 18 46 26 30 49 44 31 50 
29 15 6 17 27 38 15 37 13 15 16 24 42 13 32 19 3 8 13 31 10 7 44 3 46 49 13 15 9 5 3 30 24 17 49 47 34 23 43 26 9 8 31 1 50 49 41 26 18 48 48 2 31 26 30 41 48 6 43 5 47 47 20 14 16 26 29 21 15 13 25 20 24 34 11 37 29 37 15 50 6 5 24 21 19 36 24 45 27 23 41 20 12 40 16 36 1 10 17 25 
1 24 12 19 32 27 23 30 3 42 15 15 6 25 22 48 40 46 1 5 13 40 13 18 16 24 35 37 9 7 1 43 33 25 22 23 27 49 33 27 12 7 26 37 20 35 19 42 34 28 22 13 28 46 36 38 14 1 12 50 5 32 18 44 23 31 43 28 3 32 24 24 46 28 11 9 38 29 9 11 37 11 29 42 4 16 32 1 49 12 7 29 36 26 37 11 49 43 41 36 
50 43 29 20 45 3 33 9 48 50 42 1 49 2 34 1 41 20 29 45 38 26 39 44 12 35 48 30 6 43 50 30 28 44 48 27 33 10 40 50 23 9 9 4 8 25 12 12 41 34 33 42 14 47 16 50 31 33 35 18 21 33 24 6 46 17 29 9 1 30 46 27 50 16 9 44 15 6 24 49 37 47 18 17 42 13 44 16 8 3 2 27 6 45 48 16 12 29 41 48 
21 40 50 16 33 33 18 33 42 38 30 39 48 47 10 23 37 29 11 28 4 32 6 7 22 32 6 25 36 25 49 4 36 39 33 31 29 2 50 14 24 46 25 4 38 11 16 30 13 32 41 6 33 21 32 44 29 7 17 48 45 39 35 29 16 35 7 48 41 36 50 11 14 36 31 18 45 8 28 32 22 44 38 5 7 23 1 38 39 40 32 35 12 18 33 16 5 46 22 32 
7 44 31 19 14 2 30 41 34 14 4 46 25 36 27 26 9 7 33 41 13 13 37 3 31 27 44 47 24 31 23 8 17 39 19 47 10 37 13 43 23 49 19 15 41 10 46 41 50 42 32 4 30 43 34 15 45 30 15 21 48 38 27 41 41 11 46 21 40 29 7 36 47 39 30 41 16 6 18 35 8 46 19 45 14 15 24 5 28 43 14 14 16 46 46 23 2 6 39 33 
5 8 39 41 5 24 29 32 34 45 47 46 17 40 14 48 31 9 25 23 6 12 7 26 20 33 30 34 37 19 29 28 42 46 2 33 31 8 25 41 42 30 25 42 38 40 4 32 6 30 40 49 40 22 27 39 32 29 24 35 50 8 42 47 38 1 41 36 11 33 40 25 23 17 39 12 18 18 43 48 18 24 4 2 37 18 6 13 26 32 45 4 16 20 42 34 43 1 29 8 
44 4 34 22 41 42 48 9 3 41 19 46 9 43 50 29 8 48 46 14 11 36 5 4 20 30 25 31 45 19 14 24 32 12 49 4 30 44 39 35 23 12 2 28 27 21 49 30 8 13 13 21 24 37 18 43 18 16 33 32 31 32 3 23 8 29 41 28 37 44 34 44 25 33 12 13 48 24 18 4 34 10 37 16 41 48 1 22 32 22 50 30 1 12 6 29 23 11 36 15 
44 12 39 39 6 22 3 34 16 2 10 49 43 34 4 12 19 49 49 48 32 26 50 50 44 5 35 18 44 17 9 35 18 20 12 41 44 50 46 9 9 40 41 15 27 4 13 21 46 37 10 34 41 37 32 3 13 16 33 29 40 34 16 46 22 21 24 2 37 2 11 41 22 36 33 19 13 49 13 43 48 4 16 9 46 50 23 13 24 39 43 4 26 2 33 37 40 22 14 26 
32 12 3 46 17 8 35 10 9 19 20 42 15 16 30 16 37 10 3 42 49 49 25 34 39 13 35 29 36 25 6 16 8 35 41 42 36 41 49 19 25 27 20 28 19 3 1 19 35 7 33 15 40 21 5 42 43 22 47 10 9 34 5 43 11 21 29 14 42 16 12 12 2 21 8 35 2 9 41 13 11 23 27 24 2 29 12 4 8 2 43 20 8 6 34 10 39 22 5 15 
30 17 7 21 17 34 4 42 37 30 18 7 3 17 11 32 18 49 21 8 17 43 14 48 31 44 15 18 21 43 5 44 26 13 2 30 28 12 23 45 14 47 9 31 15 47 32 12 42 24 42 31 20 1 18 15 42 18 4 24 4 17 18 3 8 18 17 22 46 39 48 43 8 4 31 31 21 28 37 40 45 11 20 28 20 17 47 9 44 50 23 45 34 30 29 42 39 34 21 12 
9 13 29 48 39 34 46 34 8 35 36 44 44 2 45 25 48 46 43 38 14 11 29 37 41 20 44 13 28 45 14 14 15 46 32 10 19 12 36 34 13 28 41 1 9 5 31 46 24 28 12 5 4 22 29 1 22 3 32 35 37 49 16 13 3 38 8 7 1 2 50 45 26 1 17 2 44 31 19 14 30 5 30 17 28 3 43 23 24 49 48 9 44 32 11 7 16 20 4 35 
46 34 1 45 36 32 7 23 2 36 22 38 19 46 4 12 35 44 12 9 7 44 28 35 44 25 33 28 47 40 38 10 7 4 1 26 46 16 7 42 49 14 13 8 40 45 44 12 6 48 41 28 5 23 42 47 14 30 4 44 38 30 26 11 8 43 18 4 44 12 29 49 43 5 4 48 27 5 22 6 7 18 20 17 47 38 13 50 48 29 5 19 47 21 19 20 25 10 15 4 
2 15 2 41 34 35 37 49 48 19 49 33 20 28 5 44 12 43 41 41 25 25 24 19 34 12 14 50 46 21 22 22 8 33 23 7 40 46 24 1 37 7 14 31 44 46 50 15 28 5 18 6 37 49 12 9 26 33 47 13 30 37 4 21 3 48 2 44 17 29 26 47 45 27 9 22 9 29 48 31 29 27 28 48 32 35 20 7 46 17 48 41 50 37 26 28 38 33 1 40 
16 11 50 8 5 36 43 13 34 30 34 15 8 11 9 33 35 2 34 43 38 11 36 16 28 35 34 37 35 50 35 43 23 14 24 11 4 23 38 7 48 37 50 49 48 43 47 29 43 46 38 18 44 47 25 16 7 43 26 12 19 28 47 42 41 16 24 45 38 44 22 28 1 36 19 7 9 26 31 21 48 37 1 15 41 5 17 21 7 7 17 29 25 42 33 47 41 8 47 3 
27 7 1 30 23 2 27 8 39 45 31 44 12 40 41 30 20 35 28 14 22 40 22 35 9 20 5 3 39 16 32 24 22 33 17 20 14 2 34 39 35 2 34 15 46 42 28 16 39 18 38 23 42 5 19 23 25 38 42 19 25 47 25 32 41 47 28 19 42 42 10 18 44 15 8 17 47 40 46 3 27 35 1 47 21 46 24 7 11 43 41 3 16 12 35 35 33 37 41 33 
17 26 11 33 44 5 46 39 21 34 47 41 40 34 30 30 1 46 2 14 8 27 12 15 32 49 6 8 15 11 16 16 41 43 45 21 1 7 47 12 16 26 49 30 22 48 10 22 23 48 50 21 35 16 36 50 9 20 30 8 7 26 25 25 29 46 15 19 8 5 48 6 44 48 37 34 31 5 39 5 27 16 32 26 15 8 39 48 19 32 20 41 23 3 29 49 46 23 45 45 
48 36 24 4 31 17 13 19 43 7 35 21 1 12 46 21 34 43 35 38 44 10 17 33 34 16 17 40 6 47 26 38 31 36 24 24 37 36 46 36 36 34 47 36 22 33 39 37 16 49 37 27 22 46 15 23 21 5 31 42 11 18 26 50 41 7 4 18 43 17 37 49 15 16 41 15 13 39 26 50 30 39 22 42 40 16 24 21 4 9 30 40 22 10 23 17 21 50 1 37 
7 14 22 24 24 3 18 4 46 14 21 6 34 3 20 44 16 45 22 50 47 3 4 41 8 10 37 10 36 2 20 32 25 44 17 12 23 8 25 34 46 34 4 1 31 6 9 8 21 7 33 33 21 25 45 15 15 41 6 18 32 31 29 21 42 38 27 10 21 15 48 35 2 29 40 27 41 23 2 45 40 28 37 28 24 15 45 20 27 3 38 39 39 25 16 7 17 30 35 50 
27 3 17 3 6 45 44 50 22 14 44 11 25 2 9 27 42 30 28 9 23 38 4 13 4 50 3 20 30 39 27 35 49 4 19 38 30 45 12 27 46 23 47 36 30 33 9 21 25 27 34 25 39 15 28 43 24 26 43 50 41 29 5 10 30 34 33 50 48 41 10 40 31 29 7 45 26 49 31 15 23 44 6 34 38 39 15 50 9 39 39 10 45 20 19 9 12 41 27 5 
19 48 17 16 1 24 19 30 29 9 18 35 20 21 36 12 1 46 5 18 43 24 30 39 37 10 22 32 21 5 35 50 30 8 16 50 43 20 14 18 11 4 13 5 35 1 46 48 12 10 36 19 19 1 50 36 43 33 17 9 50 8 22 31 7 37 3 36 29 11 50 36 8 42 44 34 19 36 47 12 35 50 50 7 38 20 39 34 9 39 21 9 24 49 21 47 39 47 26 20 
48 5 9 42 38 33 37 9 36 35 28 27 37 21 49 50 24 2 18 22 30 45 18 29 35 8 32 42 50 50 50 46 2 34 36 46 21 18 3 24 6 21 31 16 31 9 9 18 29 50 21 13 15 35 12 19 27 17 39 16 48 10 22 11 17 21 26 25 44 37 17 35 12 16 33 33 1 38 1 15 46 30 39 45 26 41 20 46 8 25 7 33 23 4 6 26 29 28 41 5 
43 19 7 33 40 44 20 34 43 27 31 12 8 46 22 33 42 16 44 22 36 13 18 3 29 30 50 2 42 34 45 28 3 3 50 26 39 46 6 24 42 31 21 44 25 1 26 31 23 41 3 33 39 11 24 10 44 35 19 49 30 14 48 22 45 49 4 39 26 41 47 26 29 4 28 49 45 30 39 23 13 18 16 10 40 20 41 33 23 12 42 33 12 14 46 11 21 47 15 11 
3 22 31 12 2 34 9 46 15 35 13 42 41 12 33 38 1 19 35 36 6 43 1 11 10 24 1 7 49 8 42 33 20 30 20 2 25 26 34 39 14 35 2 25 18 41 6 12 28 40 38 49 49 22 26 15 13 27 9 35 17 7 30 30 44 2 21 37 33 17 44 30 38 48 45 4 4 21 4 34 16 31 17 19 29 45 50 4 41 11 33 38 12 50 19 9 9 29 8 22 
7 11 44 42 3 12 44 32 11 22 45 36 6 24 39 11 33 11 20 40 2 24 50 8 35 13 5 13 2 33 39 29 27 46 6 8 2 28 4 43 50 6 49 16 24 50 20 21 19 29 32 37 32 10 40 39 23 7 48 12 20 6 39 46 43 27 4 50 18 15 44 5 32 27 50 25 13 8 42 30 12 47 34 5 3 27 32 24 44 20 40 50 30 3 1 46 22 41 28 20 
29 23 36 35 35 16 32 10 47 28 22 19 1 12 9 22 3 21 4 37 36 14 43 16 37 47 13 16 27 24 31 41 15 8 50 36 3 25 49 39 38 43 44 32 42 35 36 50 37 1 36 9 50 47 32 3 38 28 2 14 6 18 6 46 23 21 22 24 16 36 50 43 25 17 23 19 43 12 29 50 27 29 39 45 40 41 17 49 2 2 8 10 27 24 5 7 50 31 9 35 
32 34 23 38 19 30 10 42 28 23 36 18 44 16 42 39 27 42 10 48 29 10 41 45 21 47 37 44 25 39 28 5 47 36 1 24 13 34 19 34 38 46 40 49 8 5 41 19 28 23 36 21 3 7 25 38 50 41 7 26 43 48 35 30 6 40 21 33 31 23 2 6 28 30 2 38 27 24 48 26 13 11 24 10 25 33 16 47 19 12 37 40 5 45 49 34 35 15 15 47 
49 47 42 40 6 2 22 29 5 31 42 4 18 28 48 24 13 30 40 42 21 48 33 40 4 13 43 14 12 43 21 50 27 37 4 49 29 24 12 18 28 41 2 45 13 34 2 36 34 35 22 14 41 33 17 28 22 6 35 6 50 26 40 39 24 9 38 14 3 29 5 50 38 10 6 27 17 6 47 36 37 39 4 50 26 25 14 27 35 27 45 12 26 47 22 14 31 10 10 47 
4 42 47 1 36 18 16 24 17 16 44 48 42 14 8 22 9 26 27 20 12 10 14 15 34 39 6 41 42 36 21 48 4 13 5 3 30 27 29 30 50 43 17 49 31 2 45 36 23 9 30 11 28 23 24 34 2 35 23 3 31 39 36 11 25 50 6 16 23 27 24 38 48 26 29 44 7 40 22 15 14 11 14 39 15 5 17 37 25 3 10 33 25 17 5 1 27 3 2 50 
3 32 11 40 35 7 38 41 19 4 13 14 16 36 15 38 35 23 45 8 30 41 2 27 1 14 12 33 15 17 35 3 42 1 20 13 12 12 22 46 1 15 45 37 26 4 7 30 21 29 10 16 29 35 34 38 31 16 22 3 47 5 26 50 30 10 30 34 47 34 40 36 21 30 22 40 45 6 14 50 16 9 34 44 32 2 41 46 12 18 35 42 29 30 16 23 3 24 38 11 
29 12 19 34 46 23 4 46 1 43 6 19 2 48 38 10 34 41 25 1 32 18 35 45 20 18 25 31 17 50 36 22 42 24 3 30 10 16 1 42 14 37 41 7 23 17 42 17 30 18 4 21 35 34 38 28 25 19 45 37 9 48 22 8 23 42 2 16 31 16 1 36 13 27 40 50 12 32 1 31 46 19 13 34 33 11 42 37 34 28 29 35 19 48 7 14 41 45 44 15 
9 12 48 30 31 15 27 19 48 48 33 38 47 25 4 42 30 16 33 20 40 39 4 21 50 25 38 30 49 39 3 36 12 28 31 33 32 41 7 49 27 15 44 38 39 21 46 10 22 11 24 6 14 35 35 21 8 7 43 34 34 50 41 1 24 36 10 32 50 8 20 28 11 3 4 49 20 41 8 20 50 47 18 10 30 8 39 50 15 6 16 21 15 4 1 2 28 11 25 49 
32 5 4 10 33 31 33 41 33 18 22 6 22 21 45 28 28 6 43 19 25 16 22 45 10 23 25 48 42 42 19 22 28 34 33 13 36 36 35 29 25 34 26 33 16 15 23 9 32 27 14 20 42 27 22 38 40 3 25 43 1 35 31 24 19 35 45 9 20 50 31 49 20 41 21 34 23 41 1 48 1 47 32 2 40 21 44 24 8 17 44 15 22 12 21 28 4 29 48 32 
11 29 41 35 48 23 25 23 20 17 45 25 40 48 11 24 6 39 19 45 16 24 25 20 21 16 30 38 31 1 45 4 10 7 20 6 2 28 40 3 47 24 24 22 21 7 50 48 44 43 5 45 50 32 46 46 34 50 48 42 50 25 10 46 10 18 19 45 47 24 18 19 32 25 35 19 5 22 12 2 43 26 2 49 31 33 15 5 10 6 17 31 42 37 34 25 43 2 28 38 
21 28 11 4 34 36 28 31 12 4 9 49 42 17 19 35 25 36 11 36 2 6 47 10 38 26 3 47 3 40 49 19 8 24 19 11 26 40 19 19 18 17 27 33 11 8 5 12 22 49 9 46 40 7 26 33 22 13 9 31 41 20 4 7 34 44 13 17 20 15 9 15 13 23 43 50 22 43 18 39 40 15 19 9 46 48 48 38 8 50 40 13 32 42 46 17 7 23 9 10 
9 45 31 50 19 2 6 28 13 19 40 42 47 41 36 33 1 3 2 34 45 27 34 13 26 13 46 3 9 28 12 1 31 28 17 19 28 16 14 27 25 42 48 49 49 37 18 25 39 12 48 40 32 15 17 18 18 14 25 50 31 25 37 8 16 26 33 38 13 29 13 27 9 42 23 1 29 43 11 28 46 14 26 46 49 35 42 33 38 33 35 38 3 15 20 48 4 7 48 3 
14 18 2 39 5 13 23 25 9 2 24 12 40 16 29 22 14 39 15 26 32 20 48 7 3 12 31 1 39 2 41 26 5 31 12 9 2 31 48 47 6 7 16 39 35 24 14 27 8 17 26 49 31 14 17 6 8 4 3 35 45 41 48 8 9 47 23 14 3 42 25 9 9 14 32 30 1 10 5 48 30 40 32 43 48 14 30 2 45 39 22 31 17 7 17 10 35 45 17 17 
14 37 17 23 34 17 47 9 21 17 29 39 10 29 22 41 45 8 24 48 26 33 41 6 27 14 17 46 37 21 7 12 39 46 50 46 3 41 6 3 46 48 40 6 48 4 16 47 4 14 17 28 29 4 27 9 3 42 44 15 8 5 42 27 34 12 6 7 19 42 18 35 26 45 16 40 11 37 23 49 20 17 1 42 49 19 13 20 22 43 50 12 37 7 34 6 4 46 31 31 
48 32 45 27 13 30 49 28 11 31 48 16 24 38 10 42 45 26 6 25 7 11 1 17 29 44 33 14 36 8 17 42 30 1 44 39 8 28 27 42 17 43 13 17 28 43 14 47 47 29 37 4 2 46 45 44 45 43 20 44 2 24 12 2 1 7 11 44 43 41 26 20 40 7 24 24 28 37 3 8 15 9 9 8 32 47 18 41 6 34 40 43 41 41 44 4 11 10 22 33 
21 32 39 3 16 31 3 39 23 20 44 7 44 33 24 34 7 26 1 23 4 46 9 35 24 33 26 40 16 19 20 14 41 34 22 28 7 50 7 17 8 12 11 14 29 35 50 50 17 33 29 1 44 8 9 18 7 13 3 37 17 7 16 11 37 9 33 17 13 21 43 9 13 32 5 48 46 16 22 5 41 17 32 7 16 16 35 3 8 8 37 36 32 50 2 47 27 9 15 26 
34 28 31 19 34 17 49 42 24 40 24 29 4 41 28 4 31 50 4 18 19 43 7 49 18 8 22 31 46 10 43 28 34 29 12 18 20 49 11 14 41 27 11 40 13 21 16 23 41 6 28 26 27 49 41 18 24 4 37 3 42 2 5 42 11 27 41 8 48 34 29 49 41 10 16 38 27 4 30 44 22 29 39 3 19 17 19 2 20 14 40 5 20 39 46 44 48 25 26 43 
48 6 7 31 35 22 7 37 25 23 3 31 31 50 18 13 35 9 38 28 10 31 41 42 27 45 38 36 28 47 19 26 34 49 34 28 2 46 36 3 46 24 18 14 25 31 46 34 46 36 23 22 47 12 17 40 48 29 23 9 29 11 46 28 5 3 45 25 34 32 21 19 18 23 39 40 11 1 35 26 41 41 6 44 15 49 26 24 2 28 11 18 21 6 28 1 20 49 10 7 
11 14 33 17 32 2 36 24 45 39 3 19 22 34 13 2 36 18 14 33 4 14 8 17 33 3 22 49 45 25 2 41 26 10 21 13 14 42 6 12 35 9 45 24 47 9 27 7 46 44 40 40 23 47 22 30 48 40 16 43 8 49 22 10 26 19 6 40 6 24 50 35 37 23 9 1 36 13 23 2 13 20 49 6 41 32 46 12 48 22 1 18 40 24 10 3 36 8 36 13 
35 46 50 6 42 10 28 49 44 2 47 30 7 2 32 20 28 42 36 50 31 35 14 44 22 3 50 1 1 43 15 32 10 23 40 5 41 16 13 27 26 7 47 15 47 16 32 7 17 49 50 34 30 17 12 25 48 20 33 6 50 42 46 46 21 37 3 46 6 21 14 29 4 37 16 19 19 5 30 23 8 27 31 20 9 23 36 15 50 43 41 37 44 22 45 3 47 18 4 27 
12 5 43 1 17 35 1 17 44 25 49 26 4 17 36 13 35 8 5 32 23 11 16 44 43 50 49 21 44 18 11 45 15 12 1 23 18 14 30 37 25 38 33 41 36 24 7 18 39 8 45 32 16 41 28 11 42 42 41 14 24 13 22 47 5 24 49 38 13 33 15 20 28 2 43 25 6 20 35 7 19 11 9 16 5 35 11 25 35 49 25 32 44 21 6 29 8 50 19 25 
38 19 3 43 43 39 39 34 32 47 10 18 7 40 39 20 40 30 5 1 50 3 35 23 47 23 9 22 28 6 9 45 35 34 37 32 4 27 29 12 31 28 42 10 20 14 22 50 16 26 13 25 50 6 22 38 8 17 33 7 25 21 34 44 23 38 49 47 48 25 10 30 20 18 23 34 21 5 48 25 14 43 5 50 26 42 22 41 5 18 12 14 36 5 23 16 7 8 47 47 
44 6 39 30 33 7 41 30 44 33 41 32 28 18 4 24 26 41 37 48 10 22 44 7 37 24 8 8 27 20 32 8 29 46 12 21 38 37 40 22 3 21 39 39 40 2 42 33 42 7 37 10 1 31 11 48 17 40 19 12 36 21 11 41 21 37 19 8 2 45 27 47 15 38 48 34 31 13 11 12 19 39 2 42 5 24 16 20 50 47 39 41 23 4 16 21 40 38 7 17 
9 21 26 10 43 38 40 22 28 39 13 28 20 3 22 8 45 16 22 2 26 9 47 8 26 11 41 7 23 7 1 4 9 40 31 1 3 45 22 4 29 13 36 34 3 49 14 11 15 22 13 40 20 39 25 39 49 4 15 10 6 19 29 28 6 41 31 8 27 10 32 34 30 40 16 45 14 12 12 46 7 6 7 1 21 17 35 48 48 43 35 23 24 17 32 12 46 30 1 4 
32 24 11 14 30 21 6 32 48 9 3 46 30 34 35 30 4 4 46 43 46 23 11 21 48 25 22 14 17 47 15 44 31 37 13 17 6 23 12 44 50 38 20 14 11 20 31 7 7 47 1 7 12 3 24 14 30 1 9 8 16 31 18 32 8 41 12 44 38 19 39 33 28 36 17 45 22 13 10 28 6 42 32 33 19 14 50 28 38 6 2 35 47 7 46 42 9 5 14 49 
40 24 20 18 47 49 42 41 10 44 41 9 39 1 5 31 3 28 21 24 10 29 46 36 27 13 27 11 1 34 7 2 43 42 45 31 49 47 18 49 31 43 38 15 15 20 49 14 6 9 14 26 15 30 50 1 5 39 3 30 33 32 31 40 42 26 34 42 46 46 28 1 11 11 17 39 7 30 47 45 29 34 42 47 40 17 8 4 33 10 12 35 3 19 25 50 49 28 23 2 
31 12 40 50 12 27 47 31 37 26 27 50 30 29 49 42 3 1 12 4 43 29 16 50 43 18 13 50 14 48 1 44 19 13 6 40 38 41 43 4 16 20 5 25 12 5 49 41 7 2 6 41 6 6 36 30 2 16 32 11 32 25 39 22 16 48 44 25 3 15 37 38 46 27 14 33 13 41 19 18 23 50 19 22 3 45 32 30 10 49 22 21 48 26 21 35 20 19 25 18 
30 49 45 47 21 40 47 32 23 29 40 50 35 35 26 22 36 21 12 22 36 41 7 48 10 3 38 17 42 40 48 18 27 42 36 45 13 23 22 4 46 13 6 13 47 15 19 14 5 5 1 12 9 11 24 13 32 10 41 22 25 32 16 10 22 7 25 46 12 6 1 27 36 21 13 35 12 50 10 41 45 21 6 23 28 14 32 37 9 14 34 49 48 8 45 24 24 10 44 12 
10 17 17 43 49 30 24 40 32 31 42 42 40 9 1 42 26 5 18 36 22 36 5 1 20 20 7 42 24 48 27 26 30 37 49 50 40 35 16 38 43 17 26 42 22 44 13 41 18 19 4 18 33 42 9 44 38 19 19 48 48 3 7 16 44 11 11 41 13 45 19 5 17 48 4 29 13 29 32 26 37 47 14 18 6 5 14 14 45 19 15 25 7 41 16 31 27 1 19 12 
7 4 11 2 36 2 3 15 41 38 32 2 11 8 2 7 22 39 26 29 37 40 32 38 7 42 38 33 3 22 38 26 42 8 5 22 6 2 49 39 12 29 23 10 10 42 11 1 8 50 15 21 23 47 21 19 10 4 7 4 44 35 29 42 8 16 32 39 46 24 38 8 23 41 11 18 13 15 44 8 30 7 33 28 33 41 32 35 5 9 3 8 25 36 42 40 27 4 33 47 
6 11 11 28 11 31 4 18 21 22 7 45 16 11 20 33 9 5 3 34 39 38 12 5 21 5 7 30 17 19 5 7 43 2 13 43 40 37 45 15 30 28 41 1 47 12 29 36 14 39 17 16 33 39 33 47 3 21 39 42 38 36 29 43 24 25 20 42 30 49 8 46 24 23 33 11 36 34 12 7 43 45 10 31 14 45 15 45 45 12 35 5 41 33 32 32 19 20 24 49 
32 42 33 1 50 28 41 12 13 42 42 29 4 37 34 25 11 2 24 13 5 44 27 12 48 36 26 1 14 48 39 5 28 4 13 36 9 13 3 7 24 41 38 39 11 50 23 50 45 26 10 32 39 11 27 41 16 41 8 26 12 48 21 19 21 44 23 6 29 18 41 17 50 14 36 19 9 19 47 3 12 14 40 32 6 7 18 23 15 25 38 49 15 30 32 13 10 49 19 48 
30 28 12 44 36 14 10 3 7 24 6 2 3 17 30 27 11 32 47 35 49 47 46 47 27 2 15 29 29 27 28 20 41 50 5 43 12 46 10 46 17 2 3 45 26 46 13 31 44 31 10 21 26 20 29 28 34 7 30 8 46 16 22 42 44 36 44 32 42 7 43 13 49 35 22 15 41 19 22 40 30 30 41 27 14 2 30 38 4 1 21 23 46 25 11 37 6 40 16 49 
7 5 12 22 34 7 50 45 25 48 7 2 25 30 19 48 37 39 13 19 25 28 31 50 27 41 37 28 8 37 12 13 2 39 19 8 13 33 20 49 1 15 16 14 37 23 41 10 32 8 22 45 48 14 21 27 26 39 6 1 48 44 36 29 7 11 5 23 48 50 36 44 13 37 50 22 6 7 39 45 3 35 4 10 27 31 33 31 26 42 44 48 8 17 12 15 18 7 3 17 
18 5 46 28 22 27 10 25 4 12 11 31 25 31 20 25 33 7 43 35 26 23 8 6 5 10 12 9 16 48 35 26 33 33 23 19 16 1 10 17 23 32 4 10 32 25 48 32 33 33 48 29 13 5 22 30 20 44 25 48 14 1 39 32 5 35 31 49 7 38 34 16 4 49 14 12 32 9 36 40 29 18 5 5 2 10 30 10 33 8 26 1 24 18 1 23 45 8 27 32 
20 39 15 50 1 22 26 16 29 27 45 26 43 2 24 4 30 30 39 16 12 4 17 4 28 35 10 32 14 6 24 2 48 50 36 15 24 17 17 32 9 39 4 48 28 13 18 16 43 2 6 7 6 4 25 27 21 23 1 9 4 28 27 42 16 37 47 27 28 45 21 41 14 26 41 34 50 24 27 16 47 3 5 2 28 47 18 43 34 31 13 6 31 22 21 16 16 46 46 15 
22 2 48 2 13 11 36 11 31 11 29 43 21 19 31 23 44 36 38 3 29 47 48 42 2 24 23 40 42 12 20 25 10 36 33 27 28 25 50 2 43 49 19 7 19 24 38 44 36 41 9 43 20 22 28 50 14 1 36 15 50 30 29 24 3 41 39 12 48 8 30 37 50 31 38 12 26 9 36 20 21 2 33 33 20 42 6 16 28 34 44 38 3 16 29 6 4 47 46 1 
43 24 4 22 8 13 48 36 23 47 49 38 12 40 18 46 42 9 20 24 35 43 15 27 24 3 50 21 5 50 36 23 3 14 16 2 36 39 41 35 12 10 19 38 25 40 21 15 16 42 7 25 18 43 20 13 39 19 8 47 14 45 39 7 50 8 31 3 20 34 45 33 43 22 4 26 42 26 12 12 6 28 35 20 34 34 25 13 8 48 21 48 19 30 21 14 20 31 10 35 
13 23 2 38 19 38 11 7 30 34 50 40 7 17 28 45 29 50 17 6 40 38 20 22 29 34 44 22 19 30 31 40 18 30 24 39 39 17 32 36 1 35 21 1 18 47 24 17 48 43 29 13 26 19 40 48 49 18 8 25 34 11 24 28 37 31 36 29 19 13 7 17 6 18 49 17 15 2 39 2 35 43 47 29 10 41 29 8 5 46 8 20 5 22 18 25 6 19 48 14 
45 50 47 42 10 3 26 23 48 34 13 4 50 4 23 6 17 17 5 15 36 48 11 35 21 6 24 24 45 50 4 20 2 19 9 48 45 44 36 40 12 47 49 40 6 39 25 9 39 45 49 49 48 34 11 47 16 5 38 35 41 18 33 18 38 24 49 22 41 30 23 38 38 8 35 45 30 18 6 2 20 26 45 24 49 3 26 18 16 49 5 17 13 49 42 37 39 40 44 40 
16 32 40 3 38 19 8 36 16 5 33 20 50 38 44 22 15 50 1 13 25 14 5 47 30 33 41 29 5 24 16 4 34 2 11 6 26 34 5 15 10 3 9 11 23 47 11 21 32 37 35 21 29 26 16 33 28 12 42 38 4 14 43 37 27 30 41 50 15 6 30 32 21 11 50 7 31 18 28 19 42 29 8 41 34 31 1 35 27 27 38 21 2 50 31 12 11 37 2 19 
18 2 35 39 12 45 10 7 33 34 29 31 36 19 2 34 13 6 5 48 46 23 4 2 18 39 4 1 1 26 36 21 15 24 10 5 9 24 24 46 37 24 15 35 4 21 30 11 2 27 22 13 3 22 36 22 34 38 6 24 12 3 31 23 2 26 8 13 8 30 26 5 21 20 1 30 2 47 9 50 8 23 16 6 5 34 43 22 21 35 26 22 8 36 7 46 10 43 32 49 
4 29 35 14 26 20 37 28 39 11 15 32 34 37 50 5 1 18 1 42 10 38 6 50 23 50 40 43 2 10 2 29 6 40 20 9 11 6 21 11 20 8 34 16 36 29 1 50 29 14 38 24 35 4 36 12 22 48 1 15 40 47 41 22 26 46 49 20 2 27 22 43 3 19 43 14 18 43 31 20 7 33 13 41 14 4 27 32 38 50 46 37 38 4 50 29 43 30 6 16 
42 14 4 2 45 39 27 4 36 26 4 40 5 14 21 34 32 12 36 15 49 10 15 8 27 20 19 36 49 24 28 26 37 29 20 4 3 12 12 49 27 16 15 21 10 35 2 11 6 18 19 48 25 17 47 34 2 12 32 42 24 48 15 50 17 41 33 46 33 38 16 43 14 29 9 37 41 36 20 46 2 47 3 39 27 42 13 16 43 32 30 49 29 16 37 23 39 29 26 24 
43 26 2 14 1 41 30 32 35 10 17 30 6 2 28 8 41 23 5 26 15 17 45 43 7 31 28 7 46 24 34 19 21 24 1 26 27 28 42 49 10 32 3 4 17 25 36 28 30 47 28 16 46 17 19 23 4 24 40 38 44 9 6 43 44 11 43 21 45 18 40 30 18 26 4 8 19 38 19 4 43 50 37 41 16 2 4 42 46 29 41 30 13 31 9 46 35 33 10 29 
29 38 5 20 14 18 49 16 48 48 33 8 28 6 4 2 22 9 20 17 30 15 34 15 29 22 41 42 48 2 1 11 15 14 46 10 34 1 12 19 4 12 4 46 35 34 3 3 11 7 39 49 49 46 3 27 46 13 20 41 44 34 11 13 9 11 42 26 13 31 37 25 37 18 7 23 45 7 6 32 11 29 14 23 14 24 17 13 28 20 27 9 43 19 38 12 16 18 42 46 
3 34 35 26 31 24 48 44 25 43 20 8 20 28 47 24 34 32 45 41 48 40 15 11 21 25 14 3 23 49 37 29 9 22 17 28 37 37 21 49 37 34 16 18 3 9 29 36 42 3 37 9 32 37 46 7 36 29 20 16 20 12 25 15 50 49 7 37 24 28 33 26 49 13 18 48 21 37 11 10 45 6 45 50 40 45 6 32 24 11 37 43 28 36 34 19 43 25 17 47 
6 21 41 30 42 39 31 18 2 34 47 32 7 4 6 47 31 44 44 30 13 18 27 32 18 31 27 30 11 9 8 47 3 6 5 34 15 12 28 33 30 35 7 50 19 34 21 14 46 14 44 15 8 42 40 44 28 41 49 7 5 10 5 44 48 8 48 42 16 38 31 44 16 24 31 37 11 11 40 36 29 5 3 19 49 17 39 22 48 28 30 47 11 18 18 30 41 30 28 10 
45 40 14 23 7 5 4 40 11 3 33 43 5 48 40 20 10 5 23 30 30 50 13 39 32 11 42 13 3 14 37 11 33 37 31 4 49 13 47 27 46 27 18 35 16 23 37 34 32 50 4 13 47 35 12 44 21 44 35 32 47 32 35 50 11 33 39 10 40 33 30 19 11 31 48 30 6 48 10 8 20 48 32 30 22 46 39 22 48 29 25 30 25 41 42 49 13 16 27 10 
41 3 8 14 32 1 22 6 32 18 42 20 50 48 20 29 41 23 23 31 31 5 39 27 5 47 20 28 35 9 1 40 17 5 18 48 23 36 29 33 5 50 34 19 29 26 48 20 11 31 25 50 41 33 22 3 22 41 8 46 12 31 2 3 14 28 46 6 11 21 17 8 32 24 50 35 46 47 49 48 35 45 9 35 12 19 47 11 24 28 48 40 25 36 48 37 12 21 12 23 
5 4 40 31 40 5 24 32 7 22 20 25 19 7 1 49 16 7 25 43 16 15 48 14 4 30 17 28 40 40 38 16 35 36 15 50 22 26 7 24 38 15 25 47 49 47 34 33 21 22 19 8 27 25 1 42 49 32 29 11 13 18 45 50 29 17 44 16 17 15 31 7 27 20 44 24 49 26 33 13 31 21 2 29 10 49 46 47 27 33 22 43 9 23 36 32 14 49 14 26 
39 24 13 29 33 19 42 2 24 36 12 49 30 14 4 46 34 42 43 47 50 1 4 40 26 11 32 43 17 48 8 48 11 31 34 37 29 7 34 25 11 21 33 18 23 41 32 1 14 26 15 3 37 24 46 42 43 15 35 35 50 44 12 31 41 21 45 27 5 47 34 22 32 11 25 28 28 13 32 35 19 11 20 32 17 25 22 34 7 4 35 9 24 9 10 38 7 39 13 48 
18 33 4 39 26 46 49 7 16 36 30 21 31 34 50 26 39 23 5 37 14 14 17 33 17 24 39 20 50 1 37 44 24 48 45 3 46 40 1 47 22 22 19 17 20 36 15 21 36 22 31 35 44 47 1 41 23 23 49 12 29 22 2 15 49 35 36 9 48 2 11 8 48 43 42 47 1 21 35 10 23 46 10 18 44 40 10 2 21 6 42 41 38 16 20 25 15 8 41 19 
4 8 8 16 48 25 27 20 42 49 40 10 15 47 30 3 11 44 30 17 4 40 38 45 34 49 27 2 12 29 26 43 34 5 35 46 43 28 50 41 46 25 33 13 44 13 29 47 41 28 31 4 50 42 21 3 27 37 22 44 32 44 20 29 29 36 24 27 31 25 22 36 44 22 42 23 26 48 47 49 46 27 1 30 21 28 9 15 43 24 22 16 30 34 6 20 40 43 33 33 
20 43 18 11 38 12 7 47 26 40 23 32 41 46 10 47 28 49 37 48 7 10 25 46 14 44 12 13 25 38 13 40 10 22 16 25 46 19 3 38 9 12 13 49 23 50 44 5 32 5 7 32 30 12 49 50 40 18 4 1 23 32 39 9 5 22 43 50 17 34 5 20 7 15 8 35 2 11 10 25 26 30 6 35 1 24 43 7 17 39 47 12 19 35 7 32 7 34 25 47 
4 12 37 47 18 39 44 28 44 46 42 38 23 7 49 6 48 15 41 32 18 18 38 8 19 41 30 4 35 34 22 5 5 43 8 26 25 4 13 15 28 43 13 14 34 37 40 26 29 13 8 3 47 33 23 36 45 12 2 48 43 47 11 29 6 1 8 28 43 15 3 32 19 34 42 3 2 3 31 30 4 2 27 37 33 32 18 38 35 38 37 8 16 48 37 30 42 41 29 9 
4 9 20 31 27 8 15 9 23 37 23 48 32 12 16 29 11 44 38 45 44 1 30 44 25 29 41 15 43 4 31 23 6 8 36 35 50 50 38 46 24 41 16 30 22 41 5 27 41 47 12 33 27 10 44 33 22 48 34 41 13 12 2 45 32 33 26 13 3 44 47 34 17 15 49 24 32 39 13 27 13 39 22 16 38 23 5 33 25 48 11 14 38 39 18 28 46 36 42 33 
47 26 31 24 12 26 3 49 22 1 23 9 15 32 30 4 34 5 27 22 22 36 45 10 46 40 4 28 15 7 10 15 28 17 25 34 4 23 33 2 1 11 17 6 24 20 5 25 18 13 23 42 32 22 16 36 43 41 34 49 20 35 19 32 44 34 17 48 38 8 6 15 28 33 43 47 45 3 8 9 46 43 38 17 42 14 17 49 44 13 16 16 9 37 40 3 42 29 12 35 
40 14 7 5 11 48 38 10 36 40 3 17 22 21 16 27 21 37 40 23 17 13 43 32 32 37 29 46 19 7 29 46 6 5 39 20 29 5 48 30 4 29 38 9 17 26 21 47 19 15 29 34 29 47 4 3 20 39 27 49 35 32 4 31 31 19 18 10 20 34 26 34 37 49 28 16 37 50 48 1 10 42 45 3 15 37 9 1 22 14 21 49 6 28 43 24 42 3 48 25 
28 18 35 38 11 28 20 15 4 37 10 20 27 26 31 8 41 26 49 33 36 15 19 33 43 28 1 30 33 26 46 29 15 22 26 2 16 32 46 50 22 17 33 9 24 25 29 4 25 35 46 2 12 48 9 19 47 1 28 14 14 21 32 6 35 42 34 10 24 37 18 17 45 48 49 12 36 31 2 32 2 38 46 32 31 49 13 45 42 33 30 26 34 19 39 3 2 44 22 9 
45 41 19 29 47 8 35 39 2 3 8 32 39 39 37 27 42 25 6 48 12 44 45 5 16 7 4 38 21 10 43 28 16 22 46 44 47 24 4 35 38 32 7 14 2 31 11 44 43 29 41 47 36 18 25 31 40 50 45 9 36 21 9 13 13 11 13 44 17 22 18 23 48 26 26 33 9 3 26 36 16 31 10 46 43 25 42 8 17 16 28 17 39 8 24 31 24 2 50 7 
32 17 5 47 2 13 10 16 45 43 7 27 28 35 50 16 47 33 49 36 7 4 26 9 7 19 19 27 26 10 8 25 8 48 29 49 19 48 49 17 26 41 28 21 42 48 2 41 28 45 34 33 40 48 3 17 49 37 11 31 24 45 30 46 3 29 18 42 36 25 7 46 20 40 47 43 24 23 38 43 15 13 16 1 9 48 47 44 5 8 16 7 40 6 34 13 7 18 16 48 
40 37 25 26 13 43 25 28 6 30 46 25 5 23 17 41 25 21 42 34 36 16 16 35 35 20 32 22 20 12 37 45 13 23 30 48 1 24 15 18 5 41 16 40 44 10 8 21 48 2 40 23 34 23 46 48 12 34 39 36 2 17 26 11 11 43 17 20 40 41 13 31 33 45 5 40 30 27 6 7 26 21 9 43 25 45 4 7 12 11 20 14 4 50 28 20 3 5 44 16 
27 15 24 10 9 45 2 15 42 8 2 36 34 33 34 8 34 14 41 44 28 46 21 36 16 16 23 48 25 2 39 27 49 3 6 8 12 11 27 32 27 7 49 9 1 16 17 20 4 11 22 22 31 19 40 12 27 44 22 6 48 41 28 25 20 29 19 49 42 15 7 30 31 27 50 8 20 8 27 26 28 34 47 22 13 27 10 22 39 29 21 36 38 14 22 39 10 15 37 1 
47 28 29 43 34 35 25 21 36 25 33 8 29 48 50 6 29 49 9 27 10 48 32 15 18 15 14 4 34 18 16 24 9 39 46 43 15 33 47 31 46 15 35 50 4 17 14 6 5 45 36 6 44 27 2 20 21 33 46 48 46 45 18 38 46 50 3 34 7 25 17 39 7 14 17 35 24 7 4 2 12 31 22 19 45 45 24 41 18 28 30 43 45 2 46 49 18 1 19 16 
2 46 7 13 33 21 2 28 17 16 20 41 42 17 15 47 19 45 12 6 46 8 27 49 48 11 46 11 45 45 34 13 16 31 19 6 1 2 4 11 42 24 28 20 35 2 11 17 35 37 10 42 24 17 44 22 39 47 22 31 6 35 19 7 46 50 43 16 23 25 43 33 7 13 47 3 48 13 27 23 1 33 15 40 20 27 27 36 18 48 35 48 2 45 16 23 21 22 32 29 
41 25 39 29 22 32 23 21 6 30 40 43 38 26 38 44 5 48 35 31 38 5 10 32 47 11 30 10 19 47 39 30 18 33 40 10 14 29 9 37 30 18 2 8 16 27 25 14 32 39 44 50 15 41 35 41 39 22 33 42 24 13 35 22 49 33 18 47 6 18 18 31 12 20 23 26 7 46 38 8 3 41 50 50 18 46 5 28 11 13 31 2 29 21 40 36 10 44 8 35 
42 30 19 17 24 32 19 29 1 27 24 5 36 30 44 19 44 8 24 50 46 8 48 12 17 8 26 42 29 30 8 26 15 32 11 25 8 34 24 27 34 48 44 12 20 30 3 19 14 35 38 45 40 43 4 42 30 43 28 8 37 25 41 35 49 4 43 20 37 40 14 48 12 4 26 40 39 18 21 3 43 17 35 35 27 39 7 11 2 25 34 50 7 48 40 44 20 11 50 49 
2 45 39 4 40 36 32 31 15 34 8 32 50 26 7 9 4 35 46 24 13 27 49 5 37 14 23 20 21 50 44 40 25 44 30 6 22 25 27 29 48 21 42 12 36 4 30 24 21 1 9 31 39 32 41 6 37 24 42 25 45 21 29 28 31 36 18 50 15 43 36 9 42 36 47 33 33 38 11 14 9 42 37 6 48 44 34 21 34 28 16 31 17 36 4 22 26 47 15 31 
3 40 41 13 17 7 3 38 11 19 24 23 35 44 34 50 48 48 30 2 41 42 46 15 29 13 50 38 36 9 39 44 12 39 36 4 24 6 17 15 35 37 27 4 29 13 24 50 40 28 31 50 34 16 18 30 7 15 1 22 15 49 35 33 28 2 50 23 35 12 17 41 23 48 31 14 41 36 31 10 35 38 27 16 42 3 16 7 43 41 7 22 21 15 2 26 23 40 12 28 
35 46 47 39 10 25 7 5 2 36 7 32 15 31 21 18 25 34 8 44 14 39 35 3 46 36 2 3 35 46 18 15 9 36 50 49 13 9 47 35 11 13 10 21 6 42 33 41 45 43 15 41 11 6 33 26 27 40 35 25 19 48 13 7 27 22 19 13 48 22 28 25 34 9 47 46 9 5 18 1 13 31 4 14 10 24 2 23 40 7 14 3 29 40 41 17 43 15 32 4 
1 20 22 50 35 43 6 43 17 6 45 2 40 30 10 46 21 41 7 25 42 35 38 33 22 32 34 35 42 21 47 31 39 44 39 44 13 38 10 50 12 34 18 43 36 42 35 20 3 41 16 27 21 50 19 10 18 19 19 21 44 16 43 16 29 17 3 15 35 12 31 36 6 20 25 45 31 32 29 32 47 50 27 45 3 34 7 11 39 10 41 19 35 44 13 19 37 11 20 2 
